A1     24.00  20.00  -23.00
A2     27.50  20.00  -23.00
A3     31.00  20.00  -23.00
A4     34.50  20.00  -23.00
A5     38.00  20.00  -23.00
A6     41.50  20.00  -23.00
A7     45.00  20.00  -23.00
A8     48.50  20.00  -23.00
A9     52.00  20.00  -23.00
A10    55.50  20.00  -23.00
A11    59.00  20.00  -23.00
A12    62.50  20.00  -23.00
A'1   -10.00  20.00  -23.00
A'2   -13.50  20.00  -23.00
A'3   -17.00  20.00  -23.00
A'4   -20.50  20.00  -23.00
A'5   -24.00  20.00  -23.00
A'6   -27.50  20.00  -23.00
A'7   -31.00  20.00  -23.00
A'8   -34.50  20.00  -23.00
A'9   -38.00  20.00  -23.00
A'10  -41.50  20.00  -23.00
A'11  -45.00  20.00  -23.00
A'12  -48.50  20.00  -23.00
